<think>
To create an optimized schedule that maximizes the sum of weighted event durations while respecting the given rules, I'll follow these steps:

1. Identify high-priority events and ensure they are included.
2. Arrange events in chronological order.
3. Check for overlaps and adjust if necessary.
4. Maximize the sum of weighted event durations.

Let's start by listing the events with their weights and start/end times:

- Meeting with Lisa at café: 00:21 - 01:21, weight = 2
- Updating website content: 01:22 - 02:22, weight = 1
- Q1 revenue report writing: 09:01 - 10:31, weight = 1
- Replying to emails: 16:06 - 16:51, weight = 1
- Brainstorming with Luke and Patrick: 17:25 - 17:55, weight = 1
- One-on-one with manager: 17:32 - 18:17, weight = 1
- Preparing PTO handover: 20:07 - 21:22, weight = 1
- Analyzing product performance: 21:19 - 22:04, weight = 1

Given that the most critical event is the "Meeting with Lisa at café," I'll place it first. Then, I'll arrange the remaining events while ensuring no overlaps and respecting the chronological order.

Here's the organized schedule:

- Meeting with Lisa at café: 00:21 - 01:21, weight = 2
- Updating website content: 01:22 - 02:22, weight = 1
- Q1 revenue report writing: 09:01 - 10:31, weight = 1
- One-on-one with manager: 17:32 - 18:17, weight = 1
- Preparing PTO handover: 20:07 - 21:22, weight = 1
- Analyzing product performance: 21:19 - 22:04, weight = 1
-_replying to emails: 16:06 - 16:51, weight = 1
- Brainstorming with Luke and Patrick: 17:25 - 17:55, weight = 1

</think>
<schedule>
<event>
<name>Meeting with Lisa at café</name>
<start>00:21</start>
<end>01:21</end>
</event>
<event>
<name>Updating website content</name>
<start>01:22</start>
<end>02:22</end>
</event>
<event>
<name>Q1 revenue report writing</name>
<start>09:01</start>
<end>10:31</end>
</event>
<event>
<name>One-on-one with manager</name>
<start>17:32</start>
<end>18:17</end>
</event>
<event>
<name>Preparing PTO handover</name>
<start>20:07</start>
<end>21:22</end>
</event>
<event>
<name>Analyzing product performance</name>
<start>21:19</start>
<end>22:04</end>
</event>
<event>
<name>Replying to emails</name>
<start>16:06</start>
<end>16:51</end>
</event>
<event>
<name>Brainstorming with Luke and Patrick</name>
<start>17:25</start>
<end>17:55</end>
</event>
</schedule>